88,27
95,77
95,76
95,75
95,74
95,73
95,72
95,71
95,70
95,69
95,68
95,67
95,66
95,65
95,64
88,26
88,25
88,24
88,23
88,22
88,21
88,20
88,19
88,18
88,17
88,16
88,15
88,14
88,13
88,12
88,11
88,10
88,9
88,8
88,7
88,6
88,5
88,4
88,3
88,2
88,1
88,0
80,5
80,4
80,3
80,2
80,1
80,0
64,20
64,19
64,18
64,17
64,16
64,15
64,14
71,127
71,126
71,125
71,124
71,123
71,122
71,121
71,120
71,119
71,118
71,117
71,116
71,115
71,114
71,113
71,112
71,111
71,110
71,109
71,108
71,107
71,106
71,105
71,104
71,103
71,102
71,101
71,100
71,99
71,98
71,97
71,96
71,95
71,94
71,93
71,92
71,91
71,90
71,89
71,88
71,87
71,86
71,85
71,84
71,83
71,82
71,81
71,80
71,79
71,78
71,77
71,76
71,75
71,74
71,73
72,37
72,36
72,35
71,72
72,34
72,33
72,32
72,31
72,30
71,71
72,29
72,28
72,27
72,26
72,25
72,24
72,23
72,22
72,21
72,20
72,19
72,18
72,17
72,16
72,15
72,14
72,13
72,12
72,11
72,10
71,70
71,69
71,68
71,67
71,66
71,65
71,64
72,9
72,8
72,7
72,6
72,5
72,4
72,3
72,2
72,1
72,0
64,13
64,12
64,11
64,10
64,9
64,8
64,7
64,6
64,5
64,4
64,3
64,2
64,1
64,0
56,6
56,5
56,4
56,3
56,2
56,1
56,0
48,5
48,4
48,3
48,2
48,1
48,0
40,4
40,3
40,2
40,1
40,0
32,12
32,11
32,10
32,9
32,8
32,7
32,6
32,5
32,4
32,3
32,2
32,1
32,0
24,5
24,4
24,3
24,2
24,1
24,0
16,4
16,3
16,2
16,1
16,0
8,3
8,2
8,1
8,0
0,9
0,12
0,10
0,8
0,0
0,63
0,62
0,61
0,60
0,59
0,58
0,57
0,56
0,55
0,54
0,53
0,52
0,51
0,50
0,49
0,48
0,47
0,46
0,45
0,6
0,5
0,1
0,11
0,4
0,2
0,3
0,7
89,37
89,36
89,35
89,34
89,33
89,32
89,31
89,30
89,29
89,28
89,27
89,26
89,25
89,24
89,23
89,22
89,21
89,20
89,19
89,18
89,17
89,16
89,15
89,14
89,13
89,12
89,11
89,10
89,9
89,8
89,7
89,6
89,5
89,4
89,3
89,2
89,1
89,0
71,179
71,178
71,177
71,176
71,175
71,174
72,127
72,126
72,125
72,124
72,123
71,173
71,172
71,171
71,170
71,169
71,168
71,167
71,166
71,165
71,164
81,5
81,4
81,3
81,2
81,1
81,0
71,163
71,162
71,161
71,160
71,159
71,158
71,157
71,156
71,155
71,154
71,153
71,152
72,122
71,151
71,150
71,149
71,148
71,147
71,146
71,145
72,121
72,120
72,119
72,118
72,117
72,116
72,115
72,114
72,113
72,112
72,111
72,110
72,109
72,108
72,107
72,106
72,105
72,104
72,103
72,102
71,144
71,143
71,142
71,141
71,140
71,139
71,138
71,137
71,136
71,135
71,134
71,133
71,132
71,131
71,130
71,129
71,128
72,101
72,100
72,99
72,98
72,97
72,96
72,95
72,94
72,93
72,92
72,91
72,90
72,89
72,88
72,87
72,86
72,85
72,84
72,83
72,82
72,81
72,80
72,79
72,78
72,77
72,76
72,75
72,74
72,73
72,72
72,71
72,70
73,5
73,4
73,3
73,2
73,1
73,0
72,69
72,68
72,67
72,66
72,65
72,64
65,5
65,4
65,3
65,2
65,1
65,0
57,5
57,4
57,3
57,2
57,1
57,0
49,5
49,4
49,3
49,2
49,1
49,0
41,6
41,5
41,4
41,3
41,2
41,1
41,0
33,5
33,4
33,3
33,2
33,1
33,0
25,7
25,6
25,5
25,4
25,3
25,2
25,1
25,0
17,3
17,2
17,1
17,0
9,5
9,4
9,3
9,2
9,1
9,0
1,3
1,2
1,1
1,0
89,77
89,76
89,75
89,74
89,73
89,72
89,71
89,70
89,69
89,68
89,67
89,66
89,65
89,64
90,5
90,4
90,3
90,2
90,1
90,0
82,5
82,4
82,3
82,2
82,1
82,0
74,43
74,36
72,135
72,134
72,133
72,132
72,131
72,130
72,129
72,128
2,19
74,42
74,41
74,34
74,40
74,39
74,38
74,37
74,35
74,33
74,4
74,5
74,32
74,31
74,30
74,29
74,28
74,27
74,26
74,25
74,24
74,23
74,22
74,21
66,37
66,36
66,35
66,34
66,33
66,32
66,31
66,30
66,29
66,28
74,20
74,19
74,18
74,17
74,16
74,15
74,14
74,13
74,12
74,11
74,10
74,9
74,8
74,7
74,6
74,3
74,2
74,1
74,0
2,18
66,27
66,26
66,25
66,24
66,23
66,22
66,21
66,20
66,19
66,18
66,17
66,16
66,15
66,14
66,13
66,12
66,11
66,10
66,9
66,8
66,7
66,6
66,5
66,4
66,3
66,2
66,1
66,0
2,17
2,16
58,5
58,4
58,3
58,2
58,1
58,0
2,15
50,7
50,6
50,5
50,4
50,3
50,2
50,1
50,0
10,35
10,34
2,14
2,13
42,5
42,4
42,3
42,2
42,1
42,0
10,33
10,32
2,12
10,31
10,30
10,29
10,28
2,11
10,27
10,26
10,25
2,10
34,6
34,5
34,4
34,3
34,2
34,1
34,0
2,9
2,8
10,24
10,23
2,7
10,22
10,21
10,20
10,19
10,18
26,4
26,3
26,2
26,1
26,0
2,6
10,17
10,16
10,15
2,5
2,4
18,4
18,3
18,2
18,1
18,0
10,14
10,13
10,12
10,11
10,10
10,9
10,8
10,7
10,6
10,5
10,4
10,3
10,2
10,1
10,0
2,2
2,1
2,3
2,0
83,37
83,36
83,35
83,34
83,33
83,32
83,31
83,30
83,29
83,28
83,27
83,26
83,25
83,24
83,23
83,22
83,21
83,20
83,19
83,18
83,17
83,16
83,15
83,14
83,13
83,12
83,11
83,10
83,9
83,8
83,7
83,6
91,5
91,4
91,3
91,2
91,1
91,0
83,5
83,4
83,3
83,2
83,1
83,0
66,109
74,66
74,65
74,64
74,127
67,40
67,39
67,4
67,38
67,5
66,108
10,87
10,86
75,32
75,31
75,30
75,29
75,28
75,27
75,26
75,25
75,24
75,23
75,22
75,21
75,20
75,19
75,18
75,17
75,16
75,15
75,14
75,13
66,107
66,106
66,105
66,104
66,103
66,102
66,101
66,100
66,99
66,98
66,97
66,96
66,95
66,94
66,93
66,92
66,91
66,90
66,89
66,88
66,87
66,86
66,85
66,84
66,83
66,82
66,81
66,80
66,79
66,78
66,77
66,76
10,85
66,75
66,74
66,73
66,72
66,71
66,70
66,69
66,68
66,67
66,66
66,65
66,64
10,84
10,83
67,37
67,36
67,35
67,34
67,33
67,32
67,31
67,30
67,29
10,82
75,12
75,11
75,10
75,9
75,8
75,7
75,6
75,5
75,4
75,3
75,2
75,1
75,0
67,28
67,27
67,26
67,25
67,24
67,23
67,22
67,21
67,20
67,19
67,18
67,17
67,16
67,15
67,14
67,13
67,12
67,11
67,10
67,9
67,8
67,7
67,6
67,3
67,2
67,1
67,0
10,81
10,80
10,79
10,78
59,6
59,5
59,4
59,3
59,2
59,1
59,0
10,77
10,76
10,75
10,74
10,73
10,72
10,71
10,70
10,69
10,68
10,67
51,5
51,4
51,3
51,2
51,1
51,0
10,66
10,65
10,64
43,9
43,8
43,7
43,6
43,5
43,4
43,3
43,2
43,1
43,0
35,6
35,5
35,4
35,3
35,2
35,1
35,0
27,6
27,5
27,4
27,3
27,2
27,1
27,0
19,3
19,2
19,1
19,0
11,5
11,4
11,3
11,2
11,1
11,0
3,6
3,5
3,4
3,3
3,2
3,1
3,0
0,243
0,255
0,254
0,253
0,252
0,251
0,250
0,249
0,248
0,247
0,246
0,245
0,244
0,242
0,241
0,240
0,239
0,238
0,237
0,236
0,235
0,234
0,233
0,232
0,231
0,230
0,229
0,228
0,227
0,226
0,225
0,224
0,223
0,222
0,221
0,220
0,219
0,218
0,217
0,216
0,215
0,214
0,213
0,212
0,211
0,210
0,209
0,208
0,207
0,206
0,205
0,204
0,203
0,202
0,201
0,200
0,199
0,198
0,197
0,196
0,195
0,194
0,193
0,192
84,37
84,36
84,35
84,34
84,33
84,32
84,31
84,30
84,29
84,28
84,27
84,26
84,25
84,24
84,23
84,22
84,21
84,20
84,19
84,18
84,17
84,16
84,15
84,14
84,13
84,12
84,11
84,10
84,9
84,8
84,7
84,6
92,5
92,4
92,3
92,2
92,1
92,0
84,5
84,4
84,3
84,2
84,1
84,0
76,7
76,6
67,64
76,5
76,4
76,3
76,2
76,1
76,0
68,3
68,2
68,1
68,0
60,6
60,5
60,4
60,3
60,2
60,1
60,0
52,4
52,3
52,2
52,1
52,0
44,5
44,4
44,3
44,2
44,1
44,0
36,6
36,5
36,4
36,3
36,2
36,1
36,0
28,6
28,5
28,4
28,3
28,2
28,1
28,0
20,6
20,5
20,4
20,3
20,2
20,1
20,0
12,4
12,3
12,2
12,1
12,0
0,319
0,318
0,317
4,3
4,2
4,1
4,0
0,310
0,305
0,308
0,304
0,303
0,302
0,307
0,300
0,299
0,298
0,297
0,296
0,295
0,294
0,293
0,292
0,291
0,290
0,289
0,288
0,287
0,286
0,285
0,284
0,283
0,282
0,281
0,280
0,279
0,278
0,277
0,276
0,275
0,274
0,273
0,272
0,271
0,270
0,269
0,268
0,267
0,266
0,265
0,264
0,263
0,262
0,261
0,260
0,259
0,258
0,257
0,256
0,316
0,315
0,314
0,313
0,312
0,311
0,309
0,306
0,301
84,90
84,89
84,88
84,87
84,86
84,85
84,84
84,83
84,82
84,81
84,80
84,79
84,78
84,77
84,76
84,75
84,74
84,73
84,72
84,71
84,70
84,69
84,68
84,67
84,66
84,65
84,64
93,5
93,4
93,3
93,2
93,1
93,0
85,5
85,4
85,3
85,2
85,1
85,0
69,44
69,40
69,43
69,42
69,39
69,41
69,4
69,38
69,5
77,10
77,9
69,37
69,36
77,8
77,7
69,35
77,6
77,5
77,4
77,3
77,2
77,1
77,0
69,34
69,33
69,32
69,31
69,30
69,29
69,28
69,27
69,26
69,25
69,24
69,23
69,22
69,21
69,20
69,19
69,18
69,17
69,16
69,15
69,14
69,13
69,12
69,11
69,10
69,9
69,8
69,7
69,6
69,3
69,2
69,1
69,0
61,6
61,5
61,4
61,3
61,2
61,1
61,0
53,5
53,4
53,3
53,2
53,1
53,0
45,4
45,3
45,2
45,1
45,0
37,5
37,4
37,3
37,2
37,1
37,0
29,3
29,2
29,1
29,0
21,6
21,5
21,4
21,3
21,2
21,1
21,0
13,8
13,7
13,6
13,5
13,4
13,3
13,2
13,1
13,0
0,383
0,382
0,381
0,380
0,379
0,378
0,377
0,376
0,375
0,374
0,373
0,372
0,371
0,370
0,369
0,368
0,367
0,366
0,365
0,364
0,363
0,362
0,361
0,360
0,359
0,358
0,357
0,356
0,355
0,354
0,353
0,352
0,351
0,350
0,349
0,348
0,347
0,346
0,345
0,344
0,343
0,342
0,341
0,340
0,339
0,338
0,337
0,336
0,335
0,334
0,333
0,332
0,331
0,330
0,329
0,328
0,327
0,326
0,325
0,324
0,323
0,322
0,321
0,320
5,3
5,2
5,1
5,0
94,5
94,4
94,3
94,2
94,1
94,0
86,5
86,4
86,3
86,2
86,1
86,0
70,20
70,19
69,127
69,126
70,18
69,125
69,124
69,123
70,17
69,122
69,121
69,120
70,16
70,15
69,119
69,118
69,117
69,116
69,115
69,114
69,113
70,14
69,112
69,111
69,110
69,109
69,108
69,107
69,106
69,105
69,104
69,103
69,102
69,101
69,100
69,99
69,98
69,97
69,96
69,95
69,94
69,93
69,92
69,91
69,90
69,89
69,88
69,87
69,86
69,85
69,84
69,83
69,82
69,81
69,80
69,79
0,447
69,78
69,77
69,76
69,75
69,74
0,446
69,73
0,445
70,13
70,12
69,72
69,71
69,70
69,69
69,68
70,11
70,10
70,9
69,67
69,66
69,65
69,64
78,7
70,8
70,7
70,6
78,6
78,5
78,4
78,3
78,2
78,1
78,0
70,5
70,4
70,3
70,2
70,1
70,0
62,38
62,37
62,4
62,36
62,35
62,34
62,33
62,32
62,31
62,30
62,29
62,28
62,27
62,26
62,25
62,24
62,23
62,22
62,21
62,20
62,19
62,18
62,17
62,16
62,15
62,14
62,13
62,12
62,11
62,10
62,9
62,8
62,7
62,6
62,5
62,3
62,2
62,1
62,0
0,444
0,443
54,6
0,442
0,441
54,5
54,4
54,3
54,2
54,1
54,0
0,440
46,6
46,5
46,4
46,3
46,2
46,1
46,0
38,11
38,10
38,9
38,8
38,7
38,6
38,5
38,4
38,3
38,2
38,1
38,0
0,439
0,438
30,6
30,5
30,4
30,3
30,2
30,1
30,0
22,8
22,7
22,6
22,5
22,4
22,3
22,2
22,1
22,0
0,437
0,436
0,435
0,434
0,433
0,432
14,6
14,5
14,4
14,3
14,2
14,1
14,0
0,431
0,430
0,429
0,428
0,427
0,426
0,425
0,424
0,423
0,422
0,421
0,420
0,419
0,418
0,417
0,416
0,415
0,414
0,413
0,412
0,411
0,410
0,409
0,408
0,407
0,406
0,405
0,404
0,403
0,402
0,401
0,400
0,399
0,398
0,397
0,396
0,395
0,394
0,393
0,392
0,391
0,390
0,389
0,388
0,387
0,386
0,385
0,384
6,3
6,2
6,1
6,0
95,37
95,36
95,35
95,34
95,33
95,32
95,31
95,30
95,29
95,28
95,27
95,26
95,25
95,24
95,23
95,22
95,21
95,20
95,19
95,18
95,17
95,16
95,15
95,14
95,13
95,12
95,11
95,10
95,9
95,8
95,7
95,6
95,5
95,4
95,3
95,2
95,1
95,0
87,5
87,4
87,3
87,2
87,1
87,0
69,160
69,159
69,158
69,157
69,156
0,511
0,510
0,509
0,508
0,507
0,506
0,505
0,504
0,503
0,502
0,501
0,500
0,499
0,498
0,497
69,155
69,154
69,153
69,152
69,151
69,150
69,149
69,148
69,147
69,146
69,145
69,144
0,496
69,143
69,142
69,141
69,140
69,139
69,138
0,495
0,494
69,137
69,136
69,135
69,134
69,133
69,132
69,131
69,130
69,129
0,493
0,492
0,491
62,96
62,95
62,94
62,93
62,92
62,91
62,90
62,89
62,88
62,87
0,490
0,489
62,86
62,85
62,84
0,488
0,487
0,486
0,485
0,484
0,483
0,482
79,4
79,3
79,2
79,1
79,0
0,481
0,480
0,479
0,478
0,477
0,476
0,475
0,474
0,473
0,472
0,471
0,470
0,469
0,468
0,467
0,466
0,465
0,464
0,463
0,462
0,461
0,460
0,459
0,458
69,128
0,457
0,456
0,455
0,454
0,453
0,452
0,451
0,450
63,13
0,449
63,12
63,11
0,448
62,83
62,82
62,81
71,37
71,36
71,35
71,34
71,33
71,32
71,31
71,30
71,29
71,28
71,27
71,26
71,25
71,24
71,23
71,22
71,21
71,20
71,19
71,18
71,17
71,16
71,15
71,14
71,13
71,12
71,11
71,10
71,9
71,8
71,7
71,6
71,5
71,4
71,3
71,2
71,1
71,0
63,10
63,9
63,8
63,7
63,6
63,5
63,4
63,3
63,2
63,1
63,0
62,80
62,79
62,78
62,77
62,76
62,75
62,74
62,73
62,72
62,71
62,70
62,69
62,68
62,67
62,66
62,65
62,64
7,35
7,34
7,33
7,32
7,31
7,30
7,29
55,6
55,5
55,4
55,3
55,2
55,1
55,0
7,28
7,27
7,26
7,25
7,24
7,23
7,22
7,21
7,20
7,19
7,18
7,17
7,16
7,15
7,14
7,13
7,12
7,11
7,10
47,6
47,5
47,4
47,3
47,2
47,1
47,0
39,6
39,5
39,4
39,3
39,2
39,1
39,0
7,9
7,8
7,7
7,6
31,6
31,5
31,4
31,3
31,2
31,1
31,0
23,6
23,5
23,4
23,3
23,2
23,1
23,0
15,8
15,7
15,6
15,5
15,4
15,3
15,2
15,1
15,0
7,5
7,4
7,3
7,2
7,1
7,0
